eig0mix = 10.000000
kM_plog = 24290818747.122307
eig0_M = 10.000000
k_M_overall = 24290818747.122307
eig0_i_noLMR = 10.000000
k_i_noLMR = 24290818747.122307
eig0_i_noLMR = 10.000000
k_i_noLMR = 24290818747.122307
eig0_i_noLMR = 10.000000
k_i_noLMR = 24290818747.122307
eig0_i_noLMR = 10.000000
k_i_noLMR = 24290818747.122307
eig0_i_noLMR = 10.000000
k_i_noLMR = 24290818747.122307
eig0_i_noLMR = 10.000000
k_i_noLMR = 24290818747.122307
H2O
eig0_i_plog = 10.000000
k_i_plog = 215724857327.566467
eig0_i_noLMR = 10.000000
k_i_noLMR = 24290818747.122307
eig0_i_noLMR = 10.000000
k_i_noLMR = 24290818747.122307
k_LMR = 24290818747.122307
[24290818747.122307]