eig0_M = 1.000000
kM_plog = 335571759.474347
eig0_M = 1.000000
kM_plog = 335571759.474347
eig0mix = 50.500000
k_M_overall = 335571759.474347
eig0_i_noLMR = 1.000000
k_i_noLMR = 335571759.474347
eig0_i_noLMR = 1.000000
k_i_noLMR = 335571759.474347
eig0_i_noLMR = 1.000000
k_i_noLMR = 335571759.474347
eig0_i_noLMR = 1.000000
k_i_noLMR = 335571759.474347
eig0_i_noLMR = 1.000000
k_i_noLMR = 335571759.474347
eig0_i_noLMR = 1.000000
k_i_noLMR = 335571759.474347
H2O
eig0_i_plog = 100.000000
k_i_plog = 113567938787.450165
eig0_i_noLMR = 1.000000
k_i_noLMR = 335571759.474347
eig0_i_noLMR = 1.000000
k_i_noLMR = 335571759.474347
k_LMR = 112446826242.618713
[112446826242.61871]