eig0mix = 5.500000
kM_plog = 123046732150.605026
eig0_M = 1.000000
k_M_overall = 123046732150.605026
eig0_i_noLMR = 1.000000
k_i_noLMR = 123046732150.605026
eig0_i_noLMR = 1.000000
k_i_noLMR = 123046732150.605026
eig0_i_noLMR = 1.000000
k_i_noLMR = 123046732150.605026
eig0_i_noLMR = 1.000000
k_i_noLMR = 123046732150.605026
eig0_i_noLMR = 1.000000
k_i_noLMR = 123046732150.605026
eig0_i_noLMR = 1.000000
k_i_noLMR = 123046732150.605026
H2O
eig0_i_plog = 10.000000
k_i_plog = 123046732150.604584
eig0_i_noLMR = 1.000000
k_i_noLMR = 123046732150.605026
eig0_i_noLMR = 1.000000
k_i_noLMR = 123046732150.605026
k_LMR = 123046732150.604645
[123046732150.60464]